camera_matrix:
- - 1141.268559300712
  - 0.0
  - 346.03487875496734
- - 0.0
  - 1140.096576039464
  - 130.89923897039563
- - 0.0
  - 0.0
  - 1.0
dist_coeff:
- - 0.32894635553571083
  - -1.0523734016964843
  - -0.03135838933426853
  - 0.01917792608779873
  - 2.6164789509673287
