camera_matrix:
- - 1036.8239236928737
  - 0.0
  - 289.5891549774882
- - 0.0
  - 1035.4390597044846
  - 216.4433116385759
- - 0.0
  - 0.0
  - 1.0
dist_coeff:
- - 0.18498355017606202
  - 1.5260447343986532
  - -0.001967072448315991
  - -0.0025235871527257356
  - -21.625173770519293
